.Random.seed <-
c(403L, 10L, 1905432862L, -696589352L, 676947259L, -178887975L, 
2102894184L, -285802602L, 229616401L, -1609980733L, 1316670674L, 
347101540L, 1089330343L, -1992924675L, -1908192268L, -499989286L, 
1895384613L, 66493247L, 320649414L, -2033666736L, -1919091341L, 
1888298897L, 1037023680L, -1526908002L, -1340586647L, 959233435L, 
793510058L, 2039324364L, -923582577L, 871631813L, -694194308L, 
-2079305774L, -265887923L, -367321593L, 2103942638L, 164808904L, 
-986544181L, 494408233L, -815304584L, 1450266022L, -1462519871L, 
-1616720813L, -1242733822L, 574023220L, -342187081L, -489225299L, 
-65001276L, 9538794L, -1725643947L, -1643080465L, 2133474038L, 
986809888L, -354616349L, -1678921599L, 1684410096L, 1218723214L, 
-696536327L, -1064832885L, -1239648070L, -22377540L, -1133907713L, 
2138543189L, 361234284L, -71757886L, 1350764573L, -1480017769L, 
406152702L, 907834808L, -1763419749L, -600416263L, 714835784L, 
1408230006L, 1388379057L, -353024541L, -243795278L, 464221956L, 
-1911452601L, 353905437L, -133328492L, 131159354L, 711207301L, 
-479016353L, 1002908902L, -696017040L, 1111367827L, -538809039L, 
2036636640L, -674355074L, 1026986761L, 650900795L, 526223626L, 
85637356L, -983808657L, -2055099739L, -2085297060L, 294495282L, 
1608180525L, 382523879L, -200768242L, -525542680L, -1019210517L, 
-1392071287L, 818302232L, 1509707846L, -1389528927L, 388513587L, 
27889314L, 1868275092L, 40158231L, 1039500301L, -20606684L, -1371783926L, 
213851253L, 1466152911L, -1868670762L, -939411328L, -629045565L, 
121909345L, -1068588848L, 1046862382L, -2105267239L, -1088244757L, 
-106671526L, 37667868L, 1590526239L, 1154593141L, -959680500L, 
1568897506L, -381836611L, 1426251063L, -1429503522L, -1675245800L, 
-1332081029L, 1566284825L, 2147298472L, -2136684970L, -1487789359L, 
-381693309L, 1422035218L, -1880511324L, 248388711L, 757159357L, 
-1649572044L, -739019622L, 1180383973L, 808510591L, -79921658L, 
-878646896L, -622775245L, 1132534737L, -328150656L, 1292958814L, 
-1250198615L, 1886978651L, -820275606L, -1195082996L, 193080655L, 
-1148160507L, 180845756L, -117817966L, 768358029L, -2093626169L, 
803875246L, -217820152L, 867043339L, 814980329L, -1442612296L, 
838280294L, 509314305L, -811678829L, -1945353150L, -178578444L, 
577476087L, -1132844563L, -1294816636L, 1854721194L, -1125262827L, 
1807992495L, 1699226806L, -206540064L, -668627421L, -420359871L, 
1408150576L, -1797286322L, 691561145L, -271051061L, 1047687034L, 
1418319484L, 748114623L, 1200157589L, -1217334356L, 1131510146L, 
1425964893L, 2141327959L, -1171744450L, 743274872L, 520098395L, 
796145081L, 522078216L, 1758034614L, 1094431217L, 1195976739L, 
2088626290L, -1209238844L, -1979183993L, -1094205347L, 552863316L, 
1422484602L, -480129083L, 294523167L, -884031322L, -120364496L, 
-763864877L, -872474895L, -617368032L, -108879682L, 1262036169L, 
-73019781L, 2026994762L, 1639957676L, 1427383215L, -374798491L, 
-1996776164L, 300197234L, 1482386925L, -1771429337L, 233697870L, 
-963561816L, -1090204501L, -1705309408L, -1070267956L, -1076438048L, 
-1095330110L, -2013465048L, -635244884L, -1219713348L, -1714314766L, 
-1744643792L, 778414244L, -172213576L, -360390822L, 1060363664L, 
-1965503108L, -2038640364L, 1695026498L, -1209281792L, -1177252932L, 
1663570768L, 556418338L, -519624376L, -668406772L, 64158812L, 
1491199186L, -301562880L, 1202644820L, 416717288L, 1242504186L, 
831122128L, -129276628L, 1207975156L, -710909038L, -394916768L, 
300980492L, 2136759008L, 1744299362L, 2051872424L, 1688403532L, 
1447621500L, -152764622L, 2110898800L, 527667524L, 1035159512L, 
-2122759046L, 287631920L, 1098821308L, 331263828L, -526369214L, 
-252510304L, 1790844092L, 1560342992L, -752254622L, -1863727128L, 
416750540L, 1679556348L, -733748238L, 107836544L, -548151052L, 
789893256L, 374501690L, -1981738160L, -1421713300L, -1002832748L, 
-297327278L, -1846246688L, 879619276L, 484060320L, -1392783998L, 
-1541751576L, 1935035628L, -1696536516L, -606258062L, 224001136L, 
922198564L, 1213232696L, 67322394L, 1632261328L, 971294268L, 
-1358393196L, -115663742L, -12002368L, -579448516L, -2035638640L, 
-294128606L, -959930360L, -1883052916L, -1851505636L, 226431122L, 
-1820638080L, 183995412L, 499709736L, -47581126L, 1730635984L, 
1648273516L, -863109452L, 24906770L, 611185632L, -964336692L, 
1018999264L, -2124191710L, -1745025752L, 902713612L, 457179708L, 
2099439858L, -1748652816L, 1859360580L, -1239331752L, 380872250L, 
1053823216L, -1495963972L, -846527980L, 2069212354L, 139901536L, 
-1248108164L, 1334275280L, 1000581154L, 2033534120L, 304812428L, 
480170428L, -586580942L, 1188075328L, 1532236468L, -1713808056L, 
1042278074L, 1984172816L, 120420588L, 71801940L, 170523410L, 
1063345568L, -703367220L, 201909088L, 1283394754L, -2138340824L, 
-666079828L, 291371836L, -1689870478L, -272392400L, -371543004L, 
-1871728072L, 2052794074L, 1022661520L, -1329264388L, -334806636L, 
1544655682L, 1663261184L, -320187332L, 1137580624L, 1107768482L, 
221755208L, 922082828L, 402616028L, 1238224978L, 543981696L, 
-48616620L, -1611115544L, -596409606L, -1439371440L, -1428000724L, 
-1277009548L, -1740684654L, -1981689248L, -662645620L, -24959648L, 
1481009378L, 2009608360L, 1904118476L, -1650805252L, -513728590L, 
674564080L, -2003638844L, -2118395560L, -1652656774L, 772986288L, 
1254373820L, 303106644L, 1945382338L, -613836000L, -213840964L, 
2093933648L, -1697869854L, -210758808L, -1616623796L, -51008772L, 
-704382222L, -1959866112L, 104494196L, -1903900152L, 1505614266L, 
1671326160L, 1064078316L, -699500652L, 1945705682L, 1879853152L, 
1353863500L, -1281788128L, 1278335618L, -42505752L, 973632492L, 
-2091184580L, 1298377330L, -1416876176L, -1756053212L, 39349816L, 
-941089382L, -291371568L, 763732412L, 874648212L, 1695245954L, 
534163904L, -1062703300L, 206562960L, -2077871326L, 530122248L, 
-868452596L, -2142677092L, -1953968110L, -1664326784L, 1391005460L, 
-594679512L, -1952124870L, 1676593104L, 17713772L, -398992332L, 
-331185006L, -581112480L, -519859892L, 1826060768L, -1944352437L, 
59731900L, -353605654L, 270610463L, -1283869015L, 1347840574L, 
-1440221396L, 327004541L, -280350777L, -947759440L, -791554866L, 
1326816763L, 1948632669L, 138072458L, -1213224536L, -1607104751L, 
-221358589L, 1796444420L, 141698354L, -96439417L, -1858911791L, 
1791023958L, 316748084L, -189231035L, -205727601L, -2607608L, 
108911142L, -698127661L, 16170037L, 1342497682L, 36356960L, 1582694089L, 
-1779981829L, -370422324L, 1560190042L, -1428831921L, 517013529L, 
-377723346L, 772099132L, 668215725L, 1699375703L, -1037204576L, 
1013655806L, 1063918539L, 2060533197L, -1616588550L, 1431835448L, 
1131073761L, -1172536429L, -355620940L, 804854978L, 975171799L, 
-2087449311L, -2012267290L, 799889892L, 59987221L, 669723967L, 
45662424L, 1721639158L, -307479805L, -863368123L, 1413096546L, 
-41036848L, 1035720953L, -353242581L, -1752826468L, 1937704394L, 
1177941695L, -220088311L, -2122471138L, -248714036L, 826648733L, 
220859687L, -561004720L, 904409582L, -1928948069L, 1283127549L, 
-200712214L, -1465366392L, 2129778225L, -917974877L, 1316930724L, 
-270310062L, 985018535L, -10623759L, 550220854L, -370205484L, 
-724049819L, -1329157521L, -522828632L, 1451033094L, 930603827L, 
701536149L, -1461390350L, -1919432640L, -171386455L, 839530523L, 
1576584684L, 1011963386L, 793059887L, -1714221511L, -1866901426L, 
856826012L, -66223603L, -1344766345L, -238922112L, -401066786L, 
-669956181L, 1409452205L, 727739674L, -194590248L, -1597205951L, 
158370035L, 573122324L, 1332809378L, -938113097L, 825463681L, 
-692862586L, 2126721988L, 1747435253L, 1182632799L, -1284459080L, 
-1400828778L, -1566014813L, 1534452837L, -1406348926L, 621710064L, 
-1485816167L, 1122361995L, 1328972668L, 2032145834L, -2006426145L, 
-766858391L, 2084801406L, 1158800236L, 1949673405L, -2128161657L, 
1325328496L, -286805234L, -545447877L, 2048069405L, 255147466L, 
-1246570776L, -657278511L, 1846520771L, 853894340L, 1097153394L, 
-271202745L, 1734948369L, -731547754L, 1554328308L, -1608254331L, 
